曹宏伟     03141319   通信工程   1411       65     59     76     87     45     23    
刘瑞明     03141320   通信工程   1411       89     98     78     67     99     100   
吕兴       03141322   通信工程   1411       70     67     76     55     43     65    
闵旭       03141323   通信工程   1411       67     56     90     34     56     65    
彭天琦     03141324   通信工程   1411       56     78     89     65     87     89    
邓玉辉     03141321   通信工程   1414       91     92     94     94     98     90    
杨通       03141318   通信工程   1411       78     45     67     89     78     95    
张川       03141318   通信工程   1411       67     78     89     70     65     59    
黄晨阳     03141316   通信工程   1411       68     34     98     23     90     67    
张三疯     03141313   通信工程   1411       76     32     87     43     78     67    
李斯       03141325   通信工程   1411       27     48     78     47     65     88    
杨三三     03141340   通信工程   1411       65     65     99     98     97     88    
薛之谦     03141330   通信工程   1412       65     64     73     77     72     60    
权志龙     03141331   通信工程   1411       100    100    100    100    100    100   
周杰伦     03141332   通信工程   1412       63     56     90     34     56     65    
陈奕迅     03141333   通信工程   1411       56     91     56     65     87     78    
陈冠希     03141334   通信工程   1414       91     92     94     78     98     90    
娜塔莎     03141335   通信工程   1411       78     45     67     89     91     95    
王筝       03141336   通信工程   1411       67     56     91     70     65     59    
丢火车     03141337   通信工程   1413       56     78     98     23     90     67    
金玟岐     03141338   通信工程   1411       76     32     56     43     91     67    
